241 191 177 215 224 206 214 97 75 69 31 94 214 117 220 188 255 195 60 102 31 45 147 195 255 222 61 109 166 190 218 41 134 103 113 155 128 91 223 94 49 153 153 231 237 30 253 166 197 132 193 254 49 103 146 235 97 95 112 41 80 109 53 250 
250 217 222 255 103 215 219 135 127 255 53 219 191 235 63 222 255 211 56 191 143 255 231 47 255 211 247 63 91 251 246 107 215 47 119 247 251 125 250 125 114 126 189 105 191 28 241 127 221 174 26 199 240 29 188 207 89 247 115 255 121 117 177 251 
191 254 127 239 255 253 255 248 253 253 220 251 255 127 252 93 251 253 255 123 245 127 155 127 239 255 119 183 126 127 255 255 223 239 223 255 247 253 249 117 125 221 251 127 221 165 255 127 174 191 157 141 250 181 158 125 126 246 255 223 251 223 172 190 
156 168 207 229 234 249 254 249 221 185 222 223 219 116 251 232 235 221 255 107 204 45 206 249 111 222 189 166 204 199 63 254 223 161 93 121 127 251 233 118 121 93 115 62 221 55 255 123 189 236 24 5 252 29 156 73 22 242 183 189 88 31 32 254 
252 238 231 245 250 253 243 253 253 253 254 251 223 251 214 238 187 221 255 107 253 239 254 252 57 127 159 182 237 215 119 255 207 107 103 241 247 249 253 188 255 125 251 183 251 55 127 115 189 237 173 233 213 191 156 92 102 252 247 255 255 95 45 255 
239 252 239 125 126 127 254 223 249 187 237 234 238 134 239 251 153 237 123 223 191 215 127 159 231 127 255 255 83 119 231 230 207 189 199 239 219 61 253 119 122 92 122 253 215 127 183 123 253 238 30 71 241 253 252 213 150 191 255 191 255 243 252 250 
252 136 238 245 235 237 243 245 157 253 214 223 219 248 251 236 234 217 255 107 253 63 238 251 127 123 23 166 124 199 55 255 223 163 101 120 119 251 253 126 249 125 254 46 217 53 251 243 189 236 153 37 245 29 156 73 86 242 183 189 219 95 33 255 
252 136 238 245 255 245 243 253 157 253 214 223 155 248 179 78 232 221 251 107 252 63 238 249 121 123 159 166 124 215 55 239 223 35 117 113 119 249 253 124 249 125 255 63 201 37 123 115 189 236 153 173 247 221 156 72 86 246 247 253 219 31 32 254 
120 12 175 245 106 191 243 119 29 253 86 83 211 216 59 198 170 221 249 43 252 61 202 251 125 250 150 166 92 213 61 239 71 35 116 113 119 251 229 116 208 245 247 46 203 132 67 107 191 172 155 141 241 29 157 72 87 114 127 253 75 31 33 254 
129 190 84 195 234 159 130 16 107 125 2 71 158 123 112 97 230 243 204 163 215 125 27 249 235 118 63 126 172 75 223 87 87 231 90 17 89 218 255 138 213 85 74 7 193 14 253 51 148 221 8 100 247 237 139 203 55 95 18 167 192 251 101 250 
106 237 239 249 38 127 124 247 121 254 84 153 94 241 63 202 137 221 123 235 222 253 239 187 95 75 182 182 105 85 56 234 215 46 21 251 95 125 245 116 250 254 184 63 215 180 71 235 155 172 30 197 241 29 159 76 149 246 59 253 89 87 98 251 
108 40 235 185 90 95 166 231 221 238 222 52 81 166 251 230 219 88 211 102 93 211 126 132 95 69 156 133 193 222 62 218 225 8 199 174 188 114 205 120 184 21 84 32 85 246 39 228 191 44 207 157 147 93 81 89 206 232 11 184 75 218 106 226 
133 214 125 232 237 188 39 88 57 127 172 202 140 125 108 29 133 239 173 48 248 116 26 112 118 245 89 246 188 115 73 65 159 208 210 32 241 201 188 41 100 159 106 181 245 209 246 65 178 223 136 46 255 229 203 191 63 223 214 135 210 219 92 90 
254 222 238 253 255 255 223 183 191 255 126 221 31 252 127 253 249 212 125 235 222 219 190 57 111 207 47 63 255 91 63 255 241 239 254 123 246 119 253 247 211 223 203 126 218 142 200 176 205 61 86 133 221 255 135 111 208 244 105 30 223 28 54 189 
38 237 245 190 2 206 69 3 239 68 13 239 255 255 126 60 253 43 226 180 247 127 83 199 243 119 85 252 40 246 206 192 143 122 99 132 169 8 250 40 45 189 180 225 61 113 183 239 241 226 169 218 182 69 122 151 63 199 222 161 179 233 221 74 
106 141 137 190 2 78 84 7 143 68 31 132 19 246 62 254 137 82 48 229 134 53 242 3 127 215 148 13 35 251 30 72 135 188 67 10 171 74 234 26 32 185 229 97 181 28 181 42 215 168 139 207 183 69 48 178 121 67 120 121 97 29 92 234 
163 222 124 106 253 188 87 24 235 85 173 234 174 127 228 29 207 247 46 185 127 246 49 116 231 247 209 123 191 59 207 49 154 220 210 198 227 25 250 251 110 159 42 241 245 89 244 45 224 215 129 46 252 165 235 191 56 183 244 55 186 241 252 26 
36 167 245 248 24 254 39 85 229 126 138 36 65 125 191 165 219 104 227 96 247 99 90 223 213 125 22 229 44 158 107 192 207 90 207 174 128 184 125 46 44 52 50 167 117 241 55 227 56 252 168 122 163 93 90 20 62 202 75 167 234 227 109 98 
