69.4713 38.2272 28
78.9844 42.3513 21
60.806 38.0064 15
80.8609 40.9146 29
69.9216 79.9553 17
80.7114 58.016 19
73.239 28.8078 15
68.926 97.1218 15
80.5558 59.5277 19
74.0408 80.929 33
65.2571 45.2451 21
83.4857 34.6267 16
83.101 36.6427 20
66.9925 30.5188 21
67.0313 32.8286 15
64.3892 51.9116 31
71.4587 28.7219 20
88.0957 75.1865 16
91.2501 25.4963 15
87.3032 50.5895 21
66.6572 26.1124 31
77.6699 103.751 16
61.0873 54.4339 43
79.6747 76.7422 23
90.6519 32.402 15
68.8243 58.0466 15
82.3156 26.9399 24
77.3436 72.1687 21
91.8893 66.0434 20
92.1073 76.0247 29
88.8434 89.3633 15
92.9575 62.4341 19
96.2761 24.674 28
84.7489 96.2497 21
94.2065 68.1578 29
83.5729 63.9323 15
73.2856 20.1606 15
88.5369 99.0264 14
91.8375 83.9779 21
96.1048 36.9902 16
116.218 106.47 17
91.9666 86.0034 21
96.3375 78.4969 41
97.4025 50.4815 22
98.1099 67.5876 42
96.8261 48.2007 21
97.2289 37.5662 43
90.6041 64.3406 34
64.6891 88.0531 13
54.1887 40.1471 12
106.916 28.8249 45
52.4201 84.3776 38
59.9497 81.8096 20
60.4426 78.0341 20
67.1206 61.9415 13
16.7502 32.0219 15
53.7613 70.8664 15
106.996 31.1923 47
102.939 34.1464 32
147.298 87.9054 17
142.979 94.165 16
94.5175 59.0626 12
120.843 101.007 15
133.453 49.2154 23
38.7336 104.247 15
