33 32
16 14
8 3
38 4
26 2
39 8
17 0
25 12
5 1
34 31
39 32
41 6
28 2
20 3
37 23
37 17
20 15
29 6
40 16
31 19
14 2
39 9
40 3
23 6
29 11
9 8
19 7
37 25
17 1
16 4
34 1
32 27
21 20
38 14
28 14
13 5
28 3
34 7
13 0
13 11
38 16
11 0
39 21
41 29
34 19
28 4
35 18
12 11
33 15
6 0
36 35
22 7
31 7
14 4
31 1
29 17
39 33
11 6
23 18
21 15
28 16
26 16
14 9
29 12
42 13
4 2
32 20
41 11
31 10
40 26
20 8
27 15
25 11
22 19
33 21
22 10
34 10
17 5
39 27
29 13
10 7
41 37
31 22
36 24
26 14
30 24
26 4
21 9
19 10
18 12
35 30
37 11
26 3
21 3
25 17
37 13
32 15
25 6
40 2
40 14
38 28
21 8
20 9
18 11
40 38
9 3
36 30
33 20
34 22
40 28
13 1
17 6
29 25
23 12
37 29
41 25
32 21
38 26
41 23
14 3
28 26
17 13
39 20
37 6
16 2
35 24
38 3
41 18
36 18
14 8
3 2
24 18
32 2
19 2
7 2
42 9
18 0
9 2
28 15
8 4
38 20
33 26
28 21
34 2
7 4
27 9
25 23
34 0
31 0
30 6
32 16
14 10
25 13
29 1
5 0
34 13
21 14
40 21
10 4
15 14
15 3
10 1
41 1
17 11
39 16
33 4
13 10
12 5
23 0
27 20
18 6
19 1
38 19
6 1
40 19
17 12
15 8
23 11
29 18
7 5
39 26
25 18
23 13
26 20
12 6
11 1
27 8
22 5
34 4
40 20
18 17
20 16
41 13
13 6
16 9
26 21
39 28
31 17
42 38
20 2
30 18
25 1
36 23
19 4
24 23
33 16
36 0
16 15
30 23
22 1
27 21
1 0
24 12
22 2
21 2
17 7
16 3
25 5
12 0
10 2
40 7
30 11
8 2
20 4
37 18
16 8
34 17
40 10
28 20
40 22
31 4
13 12
31 5
35 23
15 9
4 3
39 14
16 7
38 10
32 28
6 5
35 12
38 7
42 30
38 21
22 4
33 2
15 2
33 27
29 5
19 5
26 15
29 23
31 2
11 5
32 4
23 5
18 1
23 17
21 16
40 39
29 24
22 16
37 22
19 0
7 1
10 8
27 14
8 7
19 14
40 17
16 5
35 25
32 26
22 3
22 17
28 27
19 13
41 31
28 19
22 0
10 3
27 2
10 9
19 8
17 10
31 12
5 3
9 4
31 14
26 10
20 14
29 10
16 10
34 14
39 7
31 11
41 30
22 6
18 13
34 3
22 9
38 27
14 5
7 3
4 1
7 0
35 17
40 1
30 5
35 1
41 7
28 7
10 5
19 3
33 28
31 3
37 10
17 2
25 24
19 17
37 24
40 31
27 4
31 16
30 25
25 10
41 36
38 22
37 35
41 10
37 7
41 22
2 1
22 8
31 29
26 7
28 10
38 34
40 32
5 4
30 13
38 5
26 1
30 29
19 16
34 16
22 14
34 12
36 13
16 1
39 38
24 0
22 13
36 25
19 6
37 19
14 7
13 4
25 7
21 4
41 24
38 33
10 0
37 34
27 16
27 26
34 25
23 1
15 4
36 29
19 11
30 17
35 29
40 27
13 7
18 5
12 1
5 2
11 7
22 11
35 13
11 10
7 6
31 28
26 19
38 0
29 4
23 19
27 10
16 6
41 2
34 23
21 7
13 3
29 19
28 17
11 3
15 5
30 7
26 22
31 18
34 18
23 10
22 20
14 13
19 18
32 22
29 7
20 7
38 32
39 22
14 6
14 11
20 1
26 6
2 0
38 31
9 5
31 23
29 22
12 2
25 4
35 10
41 19
19 12
41 4
17 16
17 9
28 0
8 0
28 11
41 35
34 29
22 15
18 10
23 7
16 13
21 19
34 20
13 2
4 0
40 13
40 33
32 19
16 11
29 2
9 0
3 1
15 10
20 10
40 34
31 26
33 22
26 0
22 18
15 7
12 7
40 0
14 0
25 2
17 8
34 28
37 4
17 4
12 10
21 10
31 25
18 7
31 20
39 1
21 5
24 1
28 1
34 26
31 15
17 14
41 34
26 13
12 4
38 13
39 10
22 12
17 3
37 2
27 7
34 21
33 5
24 17
6 4
19 15
38 17
25 19
15 1
37 31
33 19
14 1
37 30
28 22
39 19
16 0
6 3
20 19
21 1
37 36
24 13
26 5
25 22
34 15
22 21
23 22
31 21