0 3 140 0
1 4 70 121
2 5 -69 121
0 2 140 -80
1 3 140 81
2 4 0 161
3 5 -139 81
4 0 -139 -80
5 1 0 -160
6 9 161 93
7 10 0 186
8 11 -160 93
6 8 215 0
7 9 107 186
8 10 -106 186
9 11 -214 0
10 6 -106 -185
11 7 107 -185
12 15 258 0
13 16 129 223
14 17 -128 223
12 14 258 -148
13 15 258 149
14 16 0 298
15 17 -257 149
16 12 -257 -148
17 13 0 -297
18 21 322 186
19 22 0 372
20 23 -321 186
18 20 430 0
19 21 215 372
20 22 -214 372
21 23 -429 0
22 18 -214 -371
23 19 215 -371
24 27 559 0
25 28 279 484
26 29 -278 484
30 33 726 419
31 34 0 838
32 35 -725 419
36 39 1117 0
37 40 559 967
38 41 -558 967
